<?xml version="1.0" encoding="UTF-8"?>
<document version="2.0.0">
  <chunk label="Chunk 1" enabled="true">
    <sensors next_id="47">
      <sensor id="0" label="unknown" type="frame">
        <resolution width="4224" height="2240"/>
        <property name="layer_index" value="0"/>
        <bands>
          <band label="Red"/>
          <band label="Green"/>
          <band label="Blue"/>
        </bands>
        <data_type>uint8</data_type>
        <calibration type="frame" class="adjusted">
          <resolution width="4224" height="2240"/>
          <f>2856.9524860679976</f>
          <cx>3.1437666644205513</cx>
          <cy>10.928669663959289</cy>
          <k1>0.053295306997250054</k1>
          <k2>-0.064655168915133746</k2>
        </calibration>
        <covariance>
          <params>f cx cy k1 k2</params>
          <coeffs>2.0733485340343316 -0.21547128868158952 0.23249328630885963 -0.00029289804042656096 0.00056958120513483652 -0.21547128868158952 1.1551601553904594 -0.11328103034528145 6.0156343522110908e-05 1.1509443994888682e-05 0.23249328630885963 -0.11328103034528145 1.656308107720829 -2.1369018910348519e-05 9.5494943321783077e-05 -0.00029289804042656096 6.0156343522110908e-05 -2.1369018910348519e-05 8.5057484121385831e-07 -1.3988148394688327e-06 0.00056958120513483652 1.1509443994888682e-05 9.5494943321783077e-05 -1.3988148394688327e-06 2.6565716570212547e-06</coeffs>
        </covariance>
        <black_level>0 0 0</black_level>
        <sensitivity>1 1 1</sensitivity>
      </sensor>
      <sensor id="1" label="unknown" type="frame">
        <resolution width="4224" height="2240"/>
        <property name="layer_index" value="0"/>
        <bands>
          <band label="Red"/>
          <band label="Green"/>
          <band label="Blue"/>
        </bands>
        <calibration type="frame" class="adjusted">
          <resolution width="4224" height="2240"/>
          <f>2884.3309610488582</f>
          <cx>8.2924933315866642</cx>
          <cy>-1.1621752436238495</cy>
          <k1>0.062852127977877856</k1>
          <k2>-0.084325221903582132</k2>
        </calibration>
        <covariance>
          <params>f cx cy k1 k2</params>
          <coeffs>3.9354880127733325 -0.21736718206001962 -0.070098254891262271 -0.0018713617373976889 0.0029362243452082403 -0.21736718206001962 2.3349514166494418 0.05910251732713373 0.00099069373305378993 -0.0008611212773352411 -0.070098254891262271 0.05910251732713373 2.7816087192415568 -4.2872910556358495e-05 3.5442889915295741e-05 -0.0018713617373976889 0.00099069373305378993 -4.2872910556358495e-05 4.0479561302972094e-06 -5.9002939943965225e-06 0.0029362243452082403 -0.0008611212773352411 3.5442889915295741e-05 -5.9002939943965225e-06 9.4308179826865979e-06</coeffs>
        </covariance>
      </sensor>
      <sensor id="2" label="unknown" type="frame">
        <resolution width="4224" height="2240"/>
        <property name="layer_index" value="0"/>
        <bands>
          <band label="Red"/>
          <band label="Green"/>
          <band label="Blue"/>
        </bands>
        <calibration type="frame" class="adjusted">
          <resolution width="4224" height="2240"/>
          <f>2872.4599588796491</f>
          <cx>13.308476746467415</cx>
          <cy>4.6535293492523779</cy>
          <k1>0.032017481365138219</k1>
          <k2>-0.040972049760915334</k2>
        </calibration>
        <covariance>
          <params>f cx cy k1 k2</params>
          <coeffs>2.1945796666392074 -0.15593321511739025 0.023751824388748642 -0.00023932204508729014 0.00030886588015525002 -0.15593321511739025 1.0825481832949573 0.0054975085058292369 0.00014695921614273674 -0.00013574920489927808 0.023751824388748642 0.0054975085058292369 1.3441502001085304 7.3220494533010203e-06 -1.7072647305394776e-05 -0.00023932204508729014 0.00014695921614273674 7.3220494533010203e-06 4.4442130300040776e-07 -5.7142240147497975e-07 0.00030886588015525002 -0.00013574920489927808 -1.7072647305394776e-05 -5.7142240147497975e-07 8.229644365928202e-07</coeffs>
        </covariance>
      </sensor>
      <sensor id="3" label="unknown" type="frame">
        <resolution width="4224" height="2240"/>
        <property name="layer_index" value="0"/>
        <bands>
          <band label="Red"/>
          <band label="Green"/>
          <band label="Blue"/>
        </bands>
        <calibration type="frame" class="adjusted">
          <resolution width="4224" height="2240"/>
          <f>2875.1407153710843</f>
          <cx>5.6480615413056388</cx>
          <cy>-0.9835612704732255</cy>
          <k1>0.051223706150434228</k1>
          <k2>-0.060368617402757459</k2>
        </calibration>
        <covariance>
          <params>f cx cy k1 k2</params>
          <coeffs>2.3396063446318802 -0.13445251917520601 0.16751081028172229 -0.00018735405935768685 0.00025715670979813252 -0.13445251917520601 1.1164152359498631 0.0017000537430031445 0.00013932882255718559 -0.00013276551906703037 0.16751081028172229 0.0017000537430031445 1.5298868479990133 4.9720198675495967e-06 -1.5060795426479022e-05 -0.00018735405935768685 0.00013932882255718559 4.9720198675495967e-06 4.3691232586415882e-07 -5.659025041128964e-07 0.00025715670979813252 -0.00013276551906703037 -1.5060795426479022e-05 -5.659025041128964e-07 8.2617542387109686e-07</coeffs>
        </covariance>
      </sensor>
      <sensor id="4" label="unknown" type="frame">
        <resolution width="4224" height="2240"/>
        <property name="layer_index" value="0"/>
        <bands>
          <band label="Red"/>
          <band label="Green"/>
          <band label="Blue"/>
        </bands>
        <calibration type="frame" class="adjusted">
          <resolution width="4224" height="2240"/>
          <f>2854.8066957388328</f>
          <cx>1.2962945376981012</cx>
          <cy>3.377550259209761</cy>
          <k1>0.05008140905157759</k1>
          <k2>-0.058866537930979256</k2>
        </calibration>
        <covariance>
          <params>f cx cy k1 k2</params>
          <coeffs>2.3677752241437613 -0.1964558545169747 -0.073740818511422057 -0.00024776218267248511 0.00036046303342652993 -0.1964558545169747 1.1674944145612003 0.010249167267254304 0.00017359020105415886 -0.00017170202814632449 -0.073740818511422057 0.010249167267254304 1.4202622660991764 -1.0764900659548973e-05 6.1019796562924823e-06 -0.00024776218267248511 0.00017359020105415886 -1.0764900659548973e-05 5.3829141932272156e-07 -7.5044573834921596e-07 0.00036046303342652993 -0.00017170202814632449 6.1019796562924823e-06 -7.5044573834921596e-07 1.1746652123757631e-06</coeffs>
        </covariance>
      </sensor>
      <sensor id="5" label="unknown" type="frame">
        <resolution width="4224" height="2240"/>
        <property name="layer_index" value="0"/>
        <bands>
          <band label="Red"/>
          <band label="Green"/>
          <band label="Blue"/>
        </bands>
        <calibration type="frame" class="adjusted">
          <resolution width="4224" height="2240"/>
          <f>2857.8866070625045</f>
          <cx>14.424920345385461</cx>
          <cy>1.1013479567502502</cy>
          <k1>0.050168407716848322</k1>
          <k2>-0.068028795002553905</k2>
        </calibration>
        <covariance>
          <params>f cx cy k1 k2</params>
          <coeffs>2.1382966948452902 -0.24581380525269322 0.13846255610934832 -0.00025365592477632234 0.00051019553362997101 -0.24581380525269322 1.2191612355528574 -0.054287372182556713 5.9222078666523839e-05 7.3510415478393991e-06 0.13846255610934832 -0.054287372182556713 1.5317522570240576 5.1549755237081026e-06 4.5266672563918779e-05 -0.00025365592477632234 5.9222078666523839e-05 5.1549755237081026e-06 8.7868720216063546e-07 -1.4634905861997778e-06 0.00051019553362997101 7.3510415478393991e-06 4.5266672563918779e-05 -1.4634905861997778e-06 2.8248713159263606e-06</coeffs>
        </covariance>
      </sensor>
      <sensor id="6" label="unknown" type="frame">
        <resolution width="4224" height="2240"/>
        <property name="layer_index" value="0"/>
        <bands>
          <band label="Red"/>
          <band label="Green"/>
          <band label="Blue"/>
        </bands>
        <calibration type="frame" class="adjusted">
          <resolution width="4224" height="2240"/>
          <f>2864.7766438008434</f>
          <cx>6.7284824544471826</cx>
          <cy>14.049675346178645</cy>
          <k1>0.048680957466458008</k1>
          <k2>-0.056645685627713577</k2>
        </calibration>
        <covariance>
          <params>f cx cy k1 k2</params>
          <coeffs>2.2325295483088357 -0.11945288353200943 -0.17074313970795837 -0.00012999664012280839 0.00018464332673562558 -0.11945288353200943 1.1144045095627937 0.067642010997002774 0.00013320895751865717 -0.00011680059290489889 -0.17074313970795837 0.067642010997002774 1.6500471798539753 -5.1248486236707217e-05 8.8293798979818724e-05 -0.00012999664012280839 0.00013320895751865717 -5.1248486236707217e-05 4.3597365264247726e-07 -5.8879157467301978e-07 0.00018464332673562558 -0.00011680059290489889 8.8293798979818724e-05 -5.8879157467301978e-07 9.1515630643333151e-07</coeffs>
        </covariance>
      </sensor>
      <sensor id="7" label="unknown" type="frame">
        <resolution width="4224" height="2240"/>
        <property name="layer_index" value="0"/>
        <bands>
          <band label="Red"/>
          <band label="Green"/>
          <band label="Blue"/>
        </bands>
        <calibration type="frame" class="adjusted">
          <resolution width="4224" height="2240"/>
          <f>2877.7785213877887</f>
          <cx>12.734726254072731</cx>
          <cy>0.22823237746790342</cy>
          <k1>0.044817203479931719</k1>
          <k2>-0.060629708354590417</k2>
        </calibration>
        <covariance>
          <params>f cx cy k1 k2</params>
          <coeffs>4.1592090397379451 -0.56350430032925858 0.16247572247039876 -0.0016814073617965523 0.0023714230110449281 -0.56350430032925858 2.3219469628212579 0.018202336034867098 0.001024845405481319 -0.00089227248596251084 0.16247572247039876 0.018202336034867098 2.6570506637891835 -0.00040304779503336089 0.00040226388460954998 -0.0016814073617965523 0.001024845405481319 -0.00040304779503336089 3.4608390722620828e-06 -4.5931469256710398e-06 0.0023714230110449281 -0.00089227248596251084 0.00040226388460954998 -4.5931469256710398e-06 6.8289606360467199e-06</coeffs>
        </covariance>
      </sensor>
      <sensor id="8" label="unknown" type="frame">
        <resolution width="4224" height="2240"/>
        <property name="layer_index" value="0"/>
        <bands>
          <band label="Red"/>
          <band label="Green"/>
          <band label="Blue"/>
        </bands>
        <calibration type="frame" class="adjusted">
          <resolution width="4224" height="2240"/>
          <f>2867.9737971327195</f>
          <cx>5.6483324673003299</cx>
          <cy>4.336224210949899</cy>
          <k1>0.049537166348155047</k1>
          <k2>-0.058890716035470476</k2>
        </calibration>
        <covariance>
          <params>f cx cy k1 k2</params>
          <coeffs>2.1169361039119594 -0.1150661190604733 -0.17215634337820865 -0.00016592213432214576 0.00021637864199540658 -0.1150661190604733 1.1301193441836028 0.11211375903749345 0.00017614052576660924 -0.00017513192322918454 -0.17215634337820865 0.11211375903749345 1.8053945585375923 -6.0743959639725964e-05 9.5771501673907103e-05 -0.00016592213432214576 0.00017614052576660924 -6.0743959639725964e-05 4.6891383927555171e-07 -5.9910826181464115e-07 0.00021637864199540658 -0.00017513192322918454 9.5771501673907103e-05 -5.9910826181464115e-07 8.831098615857696e-07</coeffs>
        </covariance>
      </sensor>
      <sensor id="9" label="unknown" type="frame">
        <resolution width="4224" height="2240"/>
        <property name="layer_index" value="0"/>
        <bands>
          <band label="Red"/>
          <band label="Green"/>
          <band label="Blue"/>
        </bands>
        <calibration type="frame" class="adjusted">
          <resolution width="4224" height="2240"/>
          <f>2847.2379520735672</f>
          <cx>3.3192348336659272</cx>
          <cy>5.6198202025556609</cy>
          <k1>0.064662076205661945</k1>
          <k2>-0.078172932132032941</k2>
        </calibration>
        <covariance>
          <params>f cx cy k1 k2</params>
          <coeffs>2.2268585518268114 -0.26598016006540237 -0.11615653709812418 -0.00031091272255550782 0.000646238528679485 -0.26598016006540237 1.2120750551732506 0.06547669728634023 8.8204502341409014e-05 -4.6842027818185319e-05 -0.11615653709812418 0.06547669728634023 1.7195413613955965 3.8801950738347164e-05 -0.00012492740389253245 -0.00031091272255550782 8.8204502341409014e-05 3.8801950738347164e-05 9.994248824135674e-07 -1.6814213509637861e-06 0.000646238528679485 -4.6842027818185319e-05 -0.00012492740389253245 -1.6814213509637861e-06 3.2393520412208391e-06</coeffs>
        </covariance>
      </sensor>
      <sensor id="10" label="unknown" type="frame">
        <resolution width="4224" height="2240"/>
        <property name="layer_index" value="0"/>
        <bands>
          <band label="Red"/>
          <band label="Green"/>
          <band label="Blue"/>
        </bands>
        <calibration type="frame" class="adjusted">
          <resolution width="4224" height="2240"/>
          <f>2900.1995190768707</f>
          <cx>10.205599183995892</cx>
          <cy>12.107539009474181</cy>
          <k1>0.0287802636690788</k1>
          <k2>-0.047687005975091762</k2>
        </calibration>
        <covariance>
          <params>f cx cy k1 k2</params>
          <coeffs>5.6119796568453921 -0.43772614630283968 0.41058589930468742 -0.0026452657964545047 0.0040097970532210411 -0.43772614630283968 4.1022310027745004 0.45671491515800561 0.0013915645340530848 -0.00086344323906754937 0.41058589930468742 0.45671491515800561 3.339791803855404 -0.0007173214550058579 0.00098050931889939849 -0.0026452657964545047 0.0013915645340530848 -0.0007173214550058579 5.3128204838820146e-06 -7.0593484473040971e-06 0.0040097970532210411 -0.00086344323906754937 0.00098050931889939849 -7.0593484473040971e-06 1.0388578760148894e-05</coeffs>
        </covariance>
      </sensor>
      <sensor id="11" label="unknown" type="frame">
        <resolution width="4224" height="2240"/>
        <property name="layer_index" value="0"/>
        <bands>
          <band label="Red"/>
          <band label="Green"/>
          <band label="Blue"/>
        </bands>
        <calibration type="frame" class="adjusted">
          <resolution width="4224" height="2240"/>
          <f>2859.693066090781</f>
          <cx>5.0807080637118993</cx>
          <cy>3.9317144006629023</cy>
          <k1>0.043435060496512683</k1>
          <k2>-0.052172754782691087</k2>
        </calibration>
        <covariance>
          <params>f cx cy k1 k2</params>
          <coeffs>2.2547508457062082 -0.14958068821903039 -0.17080392121407681 -0.00013419659688721365 0.00019405503761260208 -0.14958068821903039 1.1268193313958688 0.029621501679370766 0.00014247682370002724 -0.0001386021683536617 -0.17080392121407681 0.029621501679370766 1.5946976096711531 -4.1543212611241972e-05 6.0867046350153138e-05 -0.00013419659688721365 0.00014247682370002724 -4.1543212611241972e-05 4.1121314925181355e-07 -5.4420130804387863e-07 0.00019405503761260208 -0.0001386021683536617 6.0867046350153138e-05 -5.4420130804387863e-07 8.2879160708272098e-07</coeffs>
        </covariance>
      </sensor>
      <sensor id="12" label="unknown" type="frame">
        <resolution width="4224" height="2240"/>
        <property name="layer_index" value="0"/>
        <bands>
          <band label="Red"/>
          <band label="Green"/>
          <band label="Blue"/>
        </bands>
        <calibration type="frame" class="adjusted">
          <resolution width="4224" height="2240"/>
          <f>2870.3495778061506</f>
          <cx>17.586427503267714</cx>
          <cy>4.6631469989652947</cy>
          <k1>0.035189748734477826</k1>
          <k2>-0.041606220543354125</k2>
        </calibration>
        <covariance>
          <params>f cx cy k1 k2</params>
          <coeffs>1.905191189988992 -0.10285240193251599 -0.1467737804913137 -0.00028600725477561604 0.0003486981303547862 -0.10285240193251599 1.1637802465438576 0.14035600912498172 0.00016895904644591243 -0.00017154155751452816 -0.1467737804913137 0.14035600912498172 2.2504333958438059 -1.2283179088790089e-05 -5.996627696081048e-08 -0.00028600725477561604 0.00016895904644591243 -1.2283179088790089e-05 6.3692656555300738e-07 -8.3347525619380153e-07 0.0003486981303547862 -0.00017154155751452816 -5.996627696081048e-08 -8.3347525619380153e-07 1.2272482612621043e-06</coeffs>
        </covariance>
      </sensor>
      <sensor id="13" label="unknown" type="frame">
        <resolution width="4224" height="2240"/>
        <property name="layer_index" value="0"/>
        <bands>
          <band label="Red"/>
          <band label="Green"/>
          <band label="Blue"/>
        </bands>
        <calibration type="frame" class="adjusted">
          <resolution width="4224" height="2240"/>
          <f>2869.4616843300323</f>
          <cx>-0.01921563974380373</cx>
          <cy>5.4154118821240891</cy>
          <k1>0.039442576627377067</k1>
          <k2>-0.044448947790893145</k2>
        </calibration>
        <covariance>
          <params>f cx cy k1 k2</params>
          <coeffs>1.9127642268029388 -0.084003749457961768 -0.25838072824757502 -0.00020502281346897994 0.00031208789288078212 -0.084003749457961768 1.0926098903966273 0.1084453584721618 0.00013974929644991563 -0.00012454587391353151 -0.25838072824757502 0.1084453584721618 1.9071144339001165 -7.9578977352857868e-05 0.00010382176706652536 -0.00020502281346897994 0.00013974929644991563 -7.9578977352857868e-05 5.4795375612593437e-07 -7.5007899438056445e-07 0.00031208789288078212 -0.00012454587391353151 0.00010382176706652536 -7.5007899438056445e-07 1.1746409839411382e-06</coeffs>
        </covariance>
      </sensor>
      <sensor id="14" label="unknown" type="frame">
        <resolution width="4224" height="2240"/>
        <property name="layer_index" value="0"/>
        <bands>
          <band label="Red"/>
          <band label="Green"/>
          <band label="Blue"/>
        </bands>
        <calibration type="frame" class="adjusted">
          <resolution width="4224" height="2240"/>
          <f>2855.4895781452042</f>
          <cx>2.598985437793059</cx>
          <cy>-3.2195884841086935</cy>
          <k1>0.057764899143573835</k1>
          <k2>-0.073675180824218575</k2>
        </calibration>
        <covariance>
          <params>f cx cy k1 k2</params>
          <coeffs>2.0513144560024483 -0.26764864430131696 -0.21104825892343088 -0.00040227343492198425 0.00071242843720693947 -0.26764864430131696 1.2744401452255392 0.15416342342339587 9.0025515595509978e-05 -4.5051071114929557e-05 -0.21104825892343088 0.15416342342339587 2.1262787838862658 -8.2410645539247944e-05 -8.0010330594691517e-07 -0.00040227343492198425 9.0025515595509978e-05 -8.2410645539247944e-05 1.0368933071975966e-06 -1.6126766184453042e-06 0.00071242843720693947 -4.5051071114929557e-05 -8.0010330594691517e-07 -1.6126766184453042e-06 2.8877204284712238e-06</coeffs>
        </covariance>
      </sensor>
      <sensor id="15" label="unknown" type="frame">
        <resolution width="4224" height="2240"/>
        <property name="layer_index" value="0"/>
        <bands>
          <band label="Red"/>
          <band label="Green"/>
          <band label="Blue"/>
        </bands>
        <calibration type="frame" class="adjusted">
          <resolution width="4224" height="2240"/>
          <f>2861.7446151445024</f>
          <cx>13.551354453707315</cx>
          <cy>3.2688186274940443</cy>
          <k1>0.050167782331887109</k1>
          <k2>-0.064220125945423562</k2>
        </calibration>
        <covariance>
          <params>f cx cy k1 k2</params>
          <coeffs>1.8351869310414877 -0.11612910303616183 -0.03595242200517336 -0.00029594088631750758 0.00051623844459440266 -0.11612910303616183 1.177090847507664 0.243724854492366 -6.0511024043685358e-06 6.4224864335771427e-05 -0.03595242200517336 0.243724854492366 2.161498261773811 -8.5165038381681841e-05 6.9031009882136556e-05 -0.00029594088631750758 -6.0511024043685358e-06 -8.5165038381681841e-05 8.9168270903003423e-07 -1.3546617063052524e-06 0.00051623844459440266 6.4224864335771427e-05 6.9031009882136556e-05 -1.3546617063052524e-06 2.3466335064266551e-06</coeffs>
        </covariance>
      </sensor>
      <sensor id="16" label="unknown" type="frame">
        <resolution width="4224" height="2240"/>
        <property name="layer_index" value="0"/>
        <bands>
          <band label="Red"/>
          <band label="Green"/>
          <band label="Blue"/>
        </bands>
        <calibration type="frame" class="adjusted">
          <resolution width="4224" height="2240"/>
          <f>2895.0714872845679</f>
          <cx>7.7206953119475346</cx>
          <cy>18.737308734652267</cy>
          <k1>0.044198163488677979</k1>
          <k2>-0.057790076673312964</k2>
        </calibration>
        <covariance>
          <params>f cx cy k1 k2</params>
          <coeffs>9.3387276242385653 -0.72301634735199882 0.25840295358865861 0.00030514800499609765 0.0014481972929008434 -0.72301634735199882 3.9089674344616854 -0.12975288999073042 0.00093977599784488539 -0.00048365421131585726 0.25840295358865861 -0.12975288999073042 2.8435989448710672 0.00044442246589328075 -0.00069641178179334065 0.00030514800499609765 0.00093977599784488539 0.00044442246589328075 8.018665728794667e-06 -9.1833339581569691e-06 0.0014481972929008434 -0.00048365421131585726 -0.00069641178179334065 -9.1833339581569691e-06 1.1595364058390298e-05</coeffs>
        </covariance>
      </sensor>
      <sensor id="17" label="unknown" type="frame">
        <resolution width="4224" height="2240"/>
        <property name="layer_index" value="0"/>
        <bands>
          <band label="Red"/>
          <band label="Green"/>
          <band label="Blue"/>
        </bands>
        <calibration type="frame" class="adjusted">
          <resolution width="4224" height="2240"/>
          <f>2823.0404690641308</f>
          <cx>10.125636423574779</cx>
          <cy>1.4792522272169875</cy>
          <k1>0.18181578381617611</k1>
          <k2>-0.19081419729009186</k2>
        </calibration>
        <covariance>
          <params>f cx cy k1 k2</params>
          <coeffs>100.88307426026019 -20.095317758891014 48.287966682368285 -0.26209474750570011 0.35679327425045659 -20.095317758891014 41.972063809367732 -20.058972933299231 0.04119928247680988 -0.0018541182816282249 48.287966682368285 -20.058972933299231 51.36978335014534 -0.13381522669583815 0.18222180008767838 -0.26209474750570011 0.04119928247680988 -0.13381522669583815 0.00079630060444843553 -0.0011403894905333632 0.35679327425045659 -0.0018541182816282249 0.18222180008767838 -0.0011403894905333632 0.0018453657041520887</coeffs>
        </covariance>
      </sensor>
      <sensor id="18" label="unknown" type="frame">
        <resolution width="4224" height="2240"/>
        <property name="layer_index" value="0"/>
        <bands>
          <band label="Red"/>
          <band label="Green"/>
          <band label="Blue"/>
        </bands>
        <calibration type="frame" class="adjusted">
          <resolution width="4224" height="2240"/>
          <f>2872.5808111437659</f>
          <cx>4.8134910869467342</cx>
          <cy>-6.5425720959921447</cy>
          <k1>0.049875045895049937</k1>
          <k2>-0.058390383479653835</k2>
        </calibration>
        <covariance>
          <params>f cx cy k1 k2</params>
          <coeffs>2.0067465202418431 -0.078301335135197506 0.091000339154937535 -0.00036640460038314074 0.00062591988519731807 -0.078301335135197506 1.1846195585944057 0.21426126376256691 -3.5471564986026161e-06 7.0710751291086572e-05 0.091000339154937535 0.21426126376256691 2.3601559838945181 -4.0665628238762436e-05 -1.8701822114505561e-05 -0.00036640460038314074 -3.5471564986026161e-06 -4.0665628238762436e-05 1.0192815495143771e-06 -1.5287976690372095e-06 0.00062591988519731807 7.0710751291086572e-05 -1.8701822114505561e-05 -1.5287976690372095e-06 2.6095385933538322e-06</coeffs>
        </covariance>
      </sensor>
      <sensor id="19" label="unknown" type="frame">
        <resolution width="4224" height="2240"/>
        <property name="layer_index" value="0"/>
        <bands>
          <band label="Red"/>
          <band label="Green"/>
          <band label="Blue"/>
        </bands>
        <calibration type="frame" class="adjusted">
          <resolution width="4224" height="2240"/>
          <f>2874.7912523044133</f>
          <cx>16.520645674545186</cx>
          <cy>-2.1572782611979036</cy>
          <k1>0.03729030845069279</k1>
          <k2>-0.035517764268348288</k2>
        </calibration>
        <covariance>
          <params>f cx cy k1 k2</params>
          <coeffs>2.1183251213237617 -0.10443819574235588 0.13761781147556895 -0.00028556872650162886 0.00035957046296506535 -0.10443819574235588 1.112185228267343 0.11260620865575113 5.8231348336796858e-05 -4.4857191742996007e-05 0.13761781147556895 0.11260620865575113 2.1350681394395443 -0.00010373190842611669 7.2204756018314699e-05 -0.00028556872650162886 5.8231348336796858e-05 -0.00010373190842611669 8.383834755263418e-07 -1.0289567935278126e-06 0.00035957046296506535 -4.4857191742996007e-05 7.2204756018314699e-05 -1.0289567935278126e-06 1.4237646730732769e-06</coeffs>
        </covariance>
      </sensor>
      <sensor id="20" label="unknown" type="frame">
        <resolution width="4224" height="2240"/>
        <property name="layer_index" value="0"/>
        <bands>
          <band label="Red"/>
          <band label="Green"/>
          <band label="Blue"/>
        </bands>
        <calibration type="frame" class="adjusted">
          <resolution width="4224" height="2240"/>
          <f>2888.0109573324939</f>
          <cx>12.75514239487006</cx>
          <cy>-0.91306071103997632</cy>
          <k1>0.0052137826056983892</k1>
          <k2>-0.015859398186935211</k2>
        </calibration>
        <covariance>
          <params>f cx cy k1 k2</params>
          <coeffs>7.2678930254878473 0.07012133707077714 0.33719347932946186 -0.0010746148685788729 0.0025709423804849071 0.07012133707077714 3.8603474496617065 0.26104849147049314 0.0013402796013937688 -0.00059234367592441448 0.33719347932946186 0.26104849147049314 2.7603687983556577 -0.00073627309983992275 0.00100061152230091 -0.0010746148685788729 0.0013402796013937688 -0.00073627309983992275 7.1686597294200915e-06 -8.0792212328722775e-06 0.0025709423804849071 -0.00059234367592441448 0.00100061152230091 -8.0792212328722775e-06 1.0236390607796611e-05</coeffs>
        </covariance>
      </sensor>
      <sensor id="21" label="unknown" type="frame">
        <resolution width="4224" height="2240"/>
        <property name="layer_index" value="0"/>
        <bands>
          <band label="Red"/>
          <band label="Green"/>
          <band label="Blue"/>
        </bands>
        <calibration type="frame" class="adjusted">
          <resolution width="4224" height="2240"/>
          <f>2867.104603616172</f>
          <cx>9.3926369687255669</cx>
          <cy>4.0682887827482466</cy>
          <k1>0.049231702803137163</k1>
          <k2>-0.056114720253915173</k2>
        </calibration>
        <covariance>
          <params>f cx cy k1 k2</params>
          <coeffs>2.4287554699468314 0.14999904484076185 0.15381510967891943 -0.00050805330556483728 0.00070445685196502967 0.14999904484076185 1.339941078628837 0.068127995910167952 0.00018688397614818287 -0.00016758880285164645 0.15381510967891943 0.068127995910167952 2.5351964074846189 0.00021725943587251327 -0.00048891068563137097 -0.00050805330556483728 0.00018688397614818287 0.00021725943587251327 1.1906362125762187e-06 -1.6990186614963012e-06 0.00070445685196502967 -0.00016758880285164645 -0.00048891068563137097 -1.6990186614963012e-06 2.6853755396578139e-06</coeffs>
        </covariance>
      </sensor>
      <sensor id="22" label="unknown" type="frame">
        <resolution width="4224" height="2240"/>
        <property name="layer_index" value="0"/>
        <bands>
          <band label="Red"/>
          <band label="Green"/>
          <band label="Blue"/>
        </bands>
        <calibration type="frame" class="adjusted">
          <resolution width="4224" height="2240"/>
          <f>2869.1991966238152</f>
          <cx>16.635366990353901</cx>
          <cy>-2.1169876734465771</cy>
          <k1>0.046077994530755922</k1>
          <k2>-0.051679948397143016</k2>
        </calibration>
        <covariance>
          <params>f cx cy k1 k2</params>
          <coeffs>2.4963094280002793 0.11777647084909881 0.14544548697343501 -0.00031481091692831659 0.00037348662432836317 0.11777647084909881 1.2663762196172306 -0.035177713747834211 0.00019225357634133748 -0.00017255535943280347 0.14544548697343501 -0.035177713747834211 1.7630388152146301 -5.2943289803286835e-05 4.5030815170323632e-05 -0.00031481091692831659 0.00019225357634133748 -5.2943289803286835e-05 7.5588558662870169e-07 -9.9940646208633918e-07 0.00037348662432836317 -0.00017255535943280347 4.5030815170323632e-05 -9.9940646208633918e-07 1.4958674039446037e-06</coeffs>
        </covariance>
      </sensor>
      <sensor id="23" label="unknown" type="frame">
        <resolution width="4224" height="2240"/>
        <property name="layer_index" value="0"/>
        <bands>
          <band label="Red"/>
          <band label="Green"/>
          <band label="Blue"/>
        </bands>
        <calibration type="frame" class="adjusted">
          <resolution width="4224" height="2240"/>
          <f>2855.5350833722614</f>
          <cx>12.996051389316627</cx>
          <cy>8.8225352542788968</cy>
          <k1>0.049392552243481123</k1>
          <k2>-0.054836670672357021</k2>
        </calibration>
        <covariance>
          <params>f cx cy k1 k2</params>
          <coeffs>2.3065910889732399 -0.094176500565731486 0.26509014589840474 -0.00026142762621496546 0.00033568234012954434 -0.094176500565731486 1.1563748097904811 0.10843603692985035 0.00011273909918670985 -0.00014560955906653541 0.26509014589840474 0.10843603692985035 2.0938972453988147 -7.2134446257926524e-05 4.7282701929827778e-05 -0.00026142762621496546 0.00011273909918670985 -7.2134446257926524e-05 7.9924682812832713e-07 -9.8194610835651494e-07 0.00033568234012954434 -0.00014560955906653541 4.7282701929827778e-05 -9.8194610835651494e-07 1.3599615180095626e-06</coeffs>
        </covariance>
      </sensor>
      <sensor id="24" label="unknown" type="frame">
        <resolution width="4224" height="2240"/>
        <property name="layer_index" value="0"/>
        <bands>
          <band label="Red"/>
          <band label="Green"/>
          <band label="Blue"/>
        </bands>
        <calibration type="frame" class="adjusted">
          <resolution width="4224" height="2240"/>
          <f>2857.9233219140056</f>
          <cx>2.6084240941774355</cx>
          <cy>6.0827983298824266</cy>
          <k1>0.058043947955172849</k1>
          <k2>-0.061104668744914617</k2>
        </calibration>
        <covariance>
          <params>f cx cy k1 k2</params>
          <coeffs>2.5910269683893103 -0.074635126341284996 0.065416560731106091 -0.00034491918966114135 0.00044282069270692683 -0.074635126341284996 1.1332904586910557 0.035342449473614868 6.3342271375152795e-05 -0.00011844246319239328 0.065416560731106091 0.035342449473614868 1.8349257406769772 1.4594363610225977e-05 -4.1646679206453674e-05 -0.00034491918966114135 6.3342271375152795e-05 1.4594363610225977e-05 1.0390008962357367e-06 -1.3323411085058373e-06 0.00044282069270692683 -0.00011844246319239328 -4.1646679206453674e-05 -1.3323411085058373e-06 1.8502835831778661e-06</coeffs>
        </covariance>
      </sensor>
      <sensor id="25" label="unknown" type="frame">
        <resolution width="4224" height="2240"/>
        <property name="layer_index" value="0"/>
        <bands>
          <band label="Red"/>
          <band label="Green"/>
          <band label="Blue"/>
        </bands>
        <calibration type="frame" class="adjusted">
          <resolution width="4224" height="2240"/>
          <f>2883.5746077536769</f>
          <cx>2.7910275889002367</cx>
          <cy>-1.1891113222056298</cy>
          <k1>0.027741221413109585</k1>
          <k2>-0.041583462845127928</k2>
        </calibration>
        <covariance>
          <params>f cx cy k1 k2</params>
          <coeffs>4.1486162877363677 0.20960848334517634 -0.52236423271088017 -0.0012888164014143609 0.0021747463506307479 0.20960848334517634 2.3901927027657561 -0.068248365244695131 0.00096100181053203381 -0.00066576594899647366 -0.52236423271088017 -0.068248365244695131 2.7186526155986983 0.0009688737022663232 -0.0014236664889391889 -0.0012888164014143609 0.00096100181053203381 0.0009688737022663232 7.1852119051998648e-06 -8.5101978936999721e-06 0.0021747463506307479 -0.00066576594899647366 -0.0014236664889391889 -8.5101978936999721e-06 1.0938696535333908e-05</coeffs>
        </covariance>
      </sensor>
      <sensor id="26" label="unknown" type="frame">
        <resolution width="4224" height="2240"/>
        <property name="layer_index" value="0"/>
        <bands>
          <band label="Red"/>
          <band label="Green"/>
          <band label="Blue"/>
        </bands>
        <calibration type="frame" class="adjusted">
          <resolution width="4224" height="2240"/>
          <f>2876.4031025041809</f>
          <cx>9.686390775055818</cx>
          <cy>-1.8127023277459746</cy>
          <k1>0.057254701012961748</k1>
          <k2>-0.067647593022235997</k2>
        </calibration>
        <covariance>
          <params>f cx cy k1 k2</params>
          <coeffs>2.5687891320256915 0.17862037307684861 -0.067344996005670149 -0.00032299903923810628 0.00042824262135625709 0.17862037307684861 1.2794852394517298 -0.07085826191916976 0.00019145550958546694 -0.0001855693074823615 -0.067344996005670149 -0.07085826191916976 1.8094426988089263 -5.6865929908761246e-05 0.00010954018274538286 -0.00032299903923810628 0.00019145550958546694 -5.6865929908761246e-05 9.1130137773834399e-07 -1.3818435055874891e-06 0.00042824262135625709 -0.0001855693074823615 0.00010954018274538286 -1.3818435055874891e-06 2.3469206415987677e-06</coeffs>
        </covariance>
      </sensor>
      <sensor id="27" label="unknown" type="frame">
        <resolution width="4224" height="2240"/>
        <property name="layer_index" value="0"/>
        <bands>
          <band label="Red"/>
          <band label="Green"/>
          <band label="Blue"/>
        </bands>
        <calibration type="frame" class="adjusted">
          <resolution width="4224" height="2240"/>
          <f>2880.7763028355444</f>
          <cx>8.0268606103446665</cx>
          <cy>1.5762086892358365</cy>
          <k1>0.044446808624833897</k1>
          <k2>-0.046910958085303676</k2>
        </calibration>
        <covariance>
          <params>f cx cy k1 k2</params>
          <coeffs>2.3145478663746473 0.15156183034768925 -0.28249536020718174 -0.00026825919019597905 0.00038120837725960736 0.15156183034768925 1.2148266250453381 -0.17143739627417401 0.00014905016851329001 -0.00012140294722482831 -0.28249536020718174 -0.17143739627417401 1.8566812559868426 5.2862083639031908e-05 -8.4167355313523093e-05 -0.00026825919019597905 0.00014905016851329001 5.2862083639031908e-05 5.6459750387786093e-07 -7.2992894268688893e-07 0.00038120837725960736 -0.00012140294722482831 -8.4167355313523093e-05 -7.2992894268688893e-07 1.0923677505507813e-06</coeffs>
        </covariance>
      </sensor>
      <sensor id="28" label="unknown" type="frame">
        <resolution width="4224" height="2240"/>
        <property name="layer_index" value="0"/>
        <bands>
          <band label="Red"/>
          <band label="Green"/>
          <band label="Blue"/>
        </bands>
        <calibration type="frame" class="adjusted">
          <resolution width="4224" height="2240"/>
          <f>2857.4273540191552</f>
          <cx>3.6478076083712287</cx>
          <cy>-2.6538437381311293</cy>
          <k1>0.056229337878506529</k1>
          <k2>-0.065445256944634267</k2>
        </calibration>
        <covariance>
          <params>f cx cy k1 k2</params>
          <coeffs>2.5384986900278896 -0.058181688149869452 -0.054294617664642712 -0.00024447630432031107 0.00031412097585716724 -0.058181688149869452 1.1518888102638933 -0.011569876551928954 0.00012204632909557999 -0.00015368373741749398 -0.054294617664642712 -0.011569876551928954 1.8084028504415999 2.3871689709217523e-05 -2.7312811006034429e-05 -0.00024447630432031107 0.00012204632909557999 2.3871689709217523e-05 8.5791491637704303e-07 -1.1403023261893198e-06 0.00031412097585716724 -0.00015368373741749398 -2.7312811006034429e-05 -1.1403023261893198e-06 1.6891442020574001e-06</coeffs>
        </covariance>
      </sensor>
      <sensor id="29" label="unknown" type="frame">
        <resolution width="4224" height="2240"/>
        <property name="layer_index" value="0"/>
        <bands>
          <band label="Red"/>
          <band label="Green"/>
          <band label="Blue"/>
        </bands>
        <calibration type="frame" class="adjusted">
          <resolution width="4224" height="2240"/>
          <f>2851.3682376015154</f>
          <cx>4.3861548210290824</cx>
          <cy>-3.6105537915251324</cy>
          <k1>0.051327549049771354</k1>
          <k2>-0.05912039348390611</k2>
        </calibration>
        <covariance>
          <params>f cx cy k1 k2</params>
          <coeffs>2.3317480714111176 -0.15296563702056287 -0.2620427240301712 -0.00020697797734567684 0.00025873601638415247 -0.15296563702056287 1.1327496060284739 -0.068599790099598185 0.00013212578818949316 -0.0001471100328756326 -0.2620427240301712 -0.068599790099598185 1.9669123248042972 1.8679415357739548e-05 -1.0183415009892966e-05 -0.00020697797734567684 0.00013212578818949316 1.8679415357739548e-05 6.3568252788897542e-07 -7.6040161312387262e-07 0.00025873601638415247 -0.0001471100328756326 -1.0183415009892966e-05 -7.6040161312387262e-07 1.0224481506449757e-06</coeffs>
        </covariance>
      </sensor>
      <sensor id="30" label="unknown" type="frame">
        <resolution width="4224" height="2240"/>
        <property name="layer_index" value="0"/>
        <bands>
          <band label="Red"/>
          <band label="Green"/>
          <band label="Blue"/>
        </bands>
        <calibration type="frame" class="adjusted">
          <resolution width="4224" height="2240"/>
          <f>2885.8810937401722</f>
          <cx>2.5792344412150898</cx>
          <cy>-9.3551195871577697</cy>
          <k1>0.04645531088426743</k1>
          <k2>-0.070513108294188914</k2>
        </calibration>
        <covariance>
          <params>f cx cy k1 k2</params>
          <coeffs>4.3965145182238574 -0.36291049586227864 -0.35432161963519393 -0.0018775228000841959 0.0030011429300192691 -0.36291049586227864 1.9046868946444828 -0.00099853592222858044 0.00088666292677129835 -0.00093353676958064585 -0.35432161963519393 -0.00099853592222858044 3.0534882290050134 0.00056036789073981165 -0.00082133657581871084 -0.0018775228000841959 0.00088666292677129835 0.00056036789073981165 5.7753732895178605e-06 -7.9650308927542793e-06 0.0030011429300192691 -0.00093353676958064585 -0.00082133657581871084 -7.9650308927542793e-06 1.1952169692705656e-05</coeffs>
        </covariance>
      </sensor>
      <sensor id="31" label="unknown" type="frame">
        <resolution width="4224" height="2240"/>
        <property name="layer_index" value="0"/>
        <bands>
          <band label="Red"/>
